116.11
121.56
114.00
117.30
120.65
120.28
122.50
120.86
122.78
114.68
119.61
120.62
121.26
115.99
119.44
116.32
116.31
116.16
122.83
120.53
117.08
123.33
116.15
117.13
117.62
116.92
119.66
118.83
117.32
119.94
119.02
118.37
116.69
120.33
118.05
123.18
114.44
118.82
116.64
118.15
116.81
115.28
121.78
116.12
115.12
120.86
115.53
120.97
122.42
118.06
118.09
122.78
115.14
116.00
119.62
119.90
120.85
122.91
119.04
117.49
117.87
123.22
123.49
117.44
117.76
121.34
116.62
118.99
116.64
119.25
119.38
115.20
116.26
120.27
121.61
114.49
120.72
116.02
117.91
122.30
119.88
118.83
116.23
122.40
115.21
116.86
122.61
122.49
119.26
123.93
120.49
123.92
114.50
121.49
118.10
120.08
122.54
114.64
122.28
123.26
119.67
119.71
122.16
114.57
119.60
115.25
121.28
116.68
119.47
123.89
121.40
114.04
119.90
117.10
116.55
120.25
115.16
120.12
120.78
117.32
114.26
119.17
117.92
116.41
119.06
118.24
116.89
114.89
120.21
117.45
121.06
119.21
116.87
120.50
114.88
118.50
121.23
122.98
116.43
118.34
123.68
119.07
119.23
119.60
119.62
118.68
121.79
121.90
123.81
122.19
118.26
116.46
123.23
115.00
118.68
117.95
114.37
119.18
122.33
120.10
115.87
114.19
122.43
114.75
122.53
114.12
115.87
118.92
121.49
123.41
116.12
119.80
116.63
118.36
123.11
122.08
122.10
116.59
118.14
117.60
120.91
121.66
117.57
121.69
119.48
114.96
123.56
116.21
114.14
122.19
115.30
123.68
120.56
116.45
119.28
122.47
121.88
115.26
121.88
117.45
116.66
123.71
122.88
116.07
122.53
120.74
123.15
114.28
116.37
121.02
115.20
122.29
117.16
119.31
119.72
114.48
122.25
119.80
116.79
123.55
123.07
117.36
115.18
123.25
121.26
123.01
117.95
119.66
121.06
120.79
118.13
115.40
118.95
118.19
122.63
116.86
116.51
117.39
117.92
118.68
117.36
119.34
116.04
115.59
114.18
118.10
114.11
115.97
116.73
117.44
116.03
117.01
116.76
116.94
119.72
116.14
120.90
119.86
118.20
118.28
117.18
119.76
118.25
123.76
116.52
118.39
114.76
116.56
114.67
121.65
114.42
117.44
115.97
116.12
117.14
121.82
114.54
123.19
118.60
116.99
114.03
122.99
122.39
118.34
121.77
115.40
115.15
119.36
118.31
120.15
123.26
114.99
118.28
123.43
114.33
123.21
123.45
123.01
122.09
114.25
114.02
119.08
118.08
122.41
119.02
123.13
118.44
119.98
121.74
121.92
119.50
118.09
121.22
118.77
120.39
123.96
115.57
119.35
116.13
119.59
118.30
114.23
119.76
121.15
123.32
115.23
116.87
114.12
119.77
117.94
120.89
123.70
122.52
117.39
122.77
115.13
119.26
119.30
123.29
123.77
120.23
123.82
121.54
119.45
121.29
114.25
118.03
114.98
116.61
117.64
115.75
123.23
121.61
119.64
117.80
122.78
122.22
120.79
114.82
116.55
121.44
116.27
120.84
123.37
119.05
116.52
120.82
116.84
115.41
120.76
118.51
121.54
115.37
120.61
117.89
121.00
123.17
116.12
116.70
117.20
114.23
121.27
115.53
116.36
114.88
121.11
120.89
120.60
115.82
117.90
115.59
120.24
120.38
118.27
115.07
116.38
123.46
118.58
122.96
118.44
122.09
120.83
114.34
116.38
123.49
116.18
120.15
122.31
121.73
118.24
121.26
121.10
118.75
123.44
115.46
114.71
120.73
120.54
116.00
120.01
115.90
116.58
114.99
114.62
114.40
121.40
120.16
120.58
116.51
117.84
118.40
120.54
119.88
120.02
114.45
116.03
121.84
116.64
118.38
122.66
117.79
121.67
120.01
121.86
121.39
119.54
123.93
123.76
117.71
117.03
123.52
121.13
115.19
119.01
117.29
118.81
117.30
120.30
116.12
118.49
119.91
120.81
114.74
123.43
115.29
116.02
115.97
122.93
118.62
120.25
121.06
121.02
118.09
114.64
114.66
119.33
114.33
117.16
117.79
118.62
120.29
116.88
117.29
118.72
117.35
119.55
115.20
121.61
118.79
116.82
116.38
117.29
116.31
116.14
118.05
117.10
120.76
123.71
119.44
114.20
122.94
117.49
115.11
116.02
115.30
122.57
120.38
118.07
120.69
116.04
122.31
114.12
118.88
123.55
114.59
122.26
116.98
114.78
119.85
121.53
114.52
119.96
117.83
118.90
119.27
114.69
122.84
121.19
114.69
115.15
118.86
121.67
114.88
121.01
115.88
116.02
118.06
118.10
115.77
117.31
114.52
118.15
121.22
114.77
119.86
117.71
116.12
115.90
119.61
123.42
120.82
116.73
116.07
115.94
120.80
119.88
123.33
119.51
122.04
115.07
121.40
119.61
121.66
121.83
115.44
115.65
117.18
119.03
120.92
121.01
122.87
120.98
120.80
117.62
116.67
114.77
115.49
117.20
116.03
118.50
121.71
116.44
116.13
115.10
120.98
118.15
119.03
121.51
123.94
115.83
117.02
117.79
121.15
123.52
118.70
115.87
116.56
118.44
121.23
122.76
