176.37
180.29
179.16
179.68
177.46
182.77
181.26
180.00
176.03
179.07
183.90
185.58
182.69
178.93
184.22
176.18
184.71
179.18
181.72
181.74
179.49
183.07
179.60
180.05
182.14
182.52
176.30
181.67
183.11
180.59
180.72
176.62
176.85
176.13
179.54
182.72
177.36
178.12
180.02
180.04
181.63
181.53
176.77
181.36
176.90
182.22
176.00
183.22
182.66
182.80
185.51
177.21
183.32
176.83
184.02
176.29
182.50
183.43
178.18
185.79
184.93
179.51
180.75
183.70
176.73
181.89
178.38
180.08
180.30
176.37
182.40
180.13
184.40
176.00
181.09
180.75
185.63
185.80
176.79
185.15
182.17
185.96
176.47
185.25
185.69
180.92
178.98
176.60
182.31
176.24
177.53
185.48
178.74
180.79
180.86
182.76
184.32
176.13
181.45
184.43
185.03
180.41
184.33
183.23
180.38
179.08
184.75
181.36
179.09
179.35
178.34
178.59
184.52
180.82
182.10
185.87
185.81
179.30
179.59
178.78
185.58
176.16
178.96
180.69
180.26
180.22
177.03
180.28
183.86
184.57
177.99
183.13
181.21
185.31
180.14
181.98
181.55
184.55
179.10
185.45
178.44
184.76
180.87
179.84
176.92
176.71
183.34
183.79
183.83
178.16
179.42
180.30
182.26
185.55
180.54
176.03
176.11
185.75
183.70
182.40
185.54
180.15
180.66
178.24
179.46
178.34
182.62
178.69
185.83
183.39
178.90
180.00
185.79
176.08
183.02
184.91
182.53
180.14
184.58
178.40
180.82
185.85
180.47
178.33
178.23
184.00
183.75
180.83
183.84
177.53
183.72
184.95
185.47
182.98
185.56
176.48
181.32
178.95
182.98
185.38
177.08
183.76
182.37
176.66
184.17
179.55
181.86
179.46
180.42
184.82
183.64
183.76
178.81
182.91
183.17
179.72
185.33
178.26
183.52
179.07
181.98
177.92
178.39
183.47
185.71
180.37
182.22
179.29
179.30
178.77
180.87
183.73
185.08
181.01
181.16
181.79
177.55
183.61
182.91
178.87
185.64
181.66
181.78
178.66
180.75
182.07
176.41
181.01
181.30
182.26
178.22
179.47
179.95
181.44
177.43
183.17
184.27
176.80
183.63
182.77
176.80
181.63
184.40
185.14
185.57
177.68
180.35
176.42
180.83
178.89
180.12
178.20
179.14
178.73
183.69
176.55
180.53
178.26
177.49
178.44
179.84
177.14
179.65
185.38
178.14
184.81
179.03
178.94
185.07
183.96
176.20
177.72
178.20
183.55
180.09
180.68
180.21
183.48
178.46
176.26
179.88
178.19
185.87
182.19
177.83
181.31
177.51
185.56
182.99
178.58
182.16
177.90
180.61
181.22
183.05
184.87
177.86
176.92
179.78
185.37
177.98
180.70
179.78
179.63
178.79
182.72
182.91
181.10
176.61
185.34
177.45
181.72
181.46
176.52
181.01
185.26
184.55
181.86
184.79
178.53
183.90
182.33
184.60
185.02
179.16
180.00
177.11
180.71
181.36
178.88
184.74
176.74
178.81
183.08
177.65
178.67
184.82
179.54
176.26
176.86
178.31
177.34
182.72
177.90
183.31
181.05
184.79
181.54
178.06
180.01
180.56
182.98
179.97
180.98
177.45
185.08
177.01
176.18
183.94
180.31
181.84
183.95
177.39
177.01
179.32
184.34
176.55
179.70
183.45
176.57
182.00
178.09
184.80
180.78
183.12
184.59
184.08
181.16
184.92
184.84
183.10
182.61
183.25
181.10
178.82
178.21
181.77
183.05
181.61
179.63
179.09
185.81
183.43
177.62
179.65
179.84
177.17
184.91
176.63
182.26
182.81
178.59
180.39
184.60
181.48
184.14
180.90
176.24
183.37
178.41
177.53
178.65
180.30
183.67
184.75
179.80
179.06
179.88
177.05
183.60
176.34
177.42
181.55
184.03
181.18
177.52
181.88
178.55
185.99
182.40
181.51
180.61
181.93
182.54
180.17
185.91
179.72
183.06
181.78
182.02
181.72
176.55
177.21
176.14
176.26
184.41
180.38
180.64
180.20
184.02
181.23
181.10
180.53
183.82
183.77
176.47
181.11
183.50
182.88
176.17
185.35
181.61
178.21
183.65
180.82
177.56
178.48
181.22
176.81
180.41
184.91
185.78
180.59
181.51
176.96
180.20
183.50
183.22
178.90
179.91
182.69
180.88
180.69
179.56
179.44
180.25
181.59
179.30
180.16
177.60
179.88
185.42
180.72
184.53
177.21
185.00
180.38
184.98
180.91
179.40
185.97
176.22
182.88
176.04
182.40
181.42
178.25
183.36
180.50
185.68
182.49
178.54
177.92
182.86
180.23
182.73
184.27
185.36
184.33
183.42
176.19
184.02
178.55
178.69
183.56
180.35
182.43
182.96
182.50
178.30
181.50
179.04
176.37
177.70
181.70
176.04
180.49
176.58
180.96
177.89
181.64
184.56
176.79
182.20
178.24
184.58
183.11
184.03
182.15
184.96
184.72
184.39
178.04
179.17
183.01
178.07
181.22
185.42
181.21
180.51
179.96
183.24
182.72
178.39
183.12
179.29
180.84
183.66
179.15
179.49
183.41
185.70
177.28
179.83
180.88
181.19
176.91
182.83
181.02
176.54
