250.16
256.05
252.95
256.45
259.45
255.64
259.79
259.35
251.02
257.29
258.35
259.33
250.51
251.68
259.48
259.39
251.27
256.56
257.19
255.52
257.61
258.84
256.39
252.42
257.68
252.62
251.26
254.55
252.13
250.60
258.08
257.07
259.31
250.83
250.64
256.55
253.11
256.21
251.88
255.97
254.21
258.72
250.08
253.78
250.81
255.69
253.10
251.69
259.79
250.32
259.10
250.89
254.01
253.50
257.08
251.36
257.06
259.28
255.87
253.97
251.05
251.05
254.85
250.09
258.55
250.68
254.83
258.31
254.66
257.85
252.70
253.09
259.95
251.61
258.05
254.90
250.49
251.54
255.39
256.60
255.59
250.53
250.33
255.74
259.46
256.53
253.12
257.50
257.58
255.32
258.10
257.85
253.75
251.53
252.33
251.76
258.76
250.17
252.02
256.04
256.65
255.71
250.11
251.55
259.39
251.10
253.36
254.43
256.10
253.67
252.54
251.13
257.54
250.35
254.09
256.73
251.99
259.18
256.60
251.53
253.32
259.45
250.76
255.27
257.25
257.60
255.95
253.95
256.77
251.04
252.14
258.75
252.59
257.13
250.42
251.87
259.57
259.48
250.56
258.80
255.11
258.74
259.23
251.98
250.43
250.14
257.03
255.21
250.58
254.88
258.04
253.82
254.31
257.57
250.12
259.99
259.51
256.99
259.60
258.19
255.34
252.26
258.56
250.13
256.93
251.64
258.34
254.26
253.49
256.23
257.63
259.12
255.96
255.55
258.54
255.53
254.98
257.43
259.25
257.21
255.13
259.26
256.37
254.42
256.52
252.76
255.87
250.48
259.42
259.61
255.58
255.70
253.17
259.93
258.07
258.55
255.03
250.96
257.06
258.63
250.08
258.05
255.96
251.18
258.01
255.13
252.01
257.86
257.87
256.95
254.25
253.45
256.50
250.12
259.00
253.08
251.84
255.30
251.13
259.86
256.81
257.58
254.65
257.41
254.89
257.39
250.93
257.08
253.22
258.99
258.18
254.56
254.21
258.79
250.43
255.47
251.56
250.68
259.60
254.72
251.69
250.61
259.00
259.33
256.46
257.47
251.74
259.23
258.11
252.63
252.49
255.98
252.45
255.18
255.99
253.92
251.08
255.14
250.81
253.47
258.76
251.83
251.74
251.33
256.70
259.50
259.31
257.16
257.84
257.58
259.72
251.57
255.00
257.50
253.90
254.95
257.73
253.48
258.88
251.98
259.12
259.41
259.95
251.34
258.05
258.90
257.22
255.51
258.25
250.87
254.82
250.15
259.82
257.74
256.24
257.89
254.28
258.43
254.32
256.12
259.04
253.41
259.20
253.53
252.26
253.91
252.79
255.10
253.99
252.54
253.10
250.14
254.57
257.47
256.94
253.15
256.25
257.41
254.41
252.17
258.84
259.46
253.52
254.26
255.54
257.20
258.60
252.91
259.64
251.00
250.65
256.89
258.27
257.93
253.35
255.43
253.91
253.32
252.93
259.25
259.82
251.19
255.55
252.22
250.13
255.83
250.37
253.31
250.63
251.56
252.06
253.56
251.25
252.98
250.91
257.61
255.99
252.86
254.16
254.71
251.41
259.83
256.88
258.71
259.57
253.10
255.86
251.78
256.29
256.39
255.05
251.54
250.76
258.19
255.80
256.38
257.37
250.70
250.54
258.40
255.72
254.40
253.10
259.03
259.80
250.68
254.41
256.69
252.16
259.56
256.74
251.32
254.13
254.72
255.05
255.50
257.93
253.05
258.89
256.76
251.69
250.96
253.27
250.84
253.28
254.48
251.88
250.49
253.82
255.48
251.21
259.67
256.96
251.16
258.90
257.63
254.75
259.02
254.89
252.70
256.01
254.34
258.55
250.45
258.31
252.65
250.64
255.87
259.28
254.11
253.05
254.28
258.36
252.08
255.20
250.66
254.79
253.17
250.23
252.12
252.95
250.74
259.57
253.10
250.76
259.27
259.29
258.08
252.29
251.61
256.65
251.52
250.40
256.40
250.29
259.51
250.37
257.81
252.57
253.13
250.48
254.79
257.36
257.90
250.44
251.97
251.85
259.24
253.64
259.58
255.75
258.51
254.17
254.27
256.27
259.31
254.44
258.32
252.51
258.80
254.57
259.27
257.43
253.70
259.16
257.15
251.04
255.58
252.69
251.57
253.18
255.25
259.34
255.79
259.29
250.87
258.05
250.04
257.69
259.47
259.12
251.20
251.75
256.58
252.80
251.01
255.37
253.63
256.28
250.11
255.25
257.89
259.65
250.02
258.42
254.51
257.03
250.19
258.36
255.44
253.58
252.46
258.26
254.91
254.58
259.99
254.74
256.15
257.24
252.89
250.61
258.96
251.44
257.72
250.01
252.96
250.13
253.12
254.37
256.10
255.47
258.63
252.62
253.15
251.56
259.04
254.23
253.87
259.71
251.29
258.24
255.54
257.29
256.24
257.04
259.48
255.89
252.49
258.05
256.37
259.98
254.30
251.95
259.98
251.76
251.01
250.74
253.95
253.38
259.92
254.22
251.40
252.17
250.04
258.20
252.04
250.23
258.72
252.91
256.42
253.83
258.41
255.09
252.04
253.98
255.83
252.19
250.99
253.87
250.53
252.02
253.85
254.18
255.26
256.47
259.51
252.19
255.13
252.56
255.54
