341.68
343.95
345.31
344.93
343.46
338.71
339.99
337.74
337.56
344.61
341.96
337.47
342.95
337.72
337.78
336.78
345.79
337.34
345.80
342.19
336.09
339.57
343.85
336.61
339.71
339.91
338.40
345.21
341.76
342.33
338.56
339.43
342.14
336.90
343.45
338.77
339.35
343.16
336.41
345.10
343.36
341.49
344.31
339.02
343.58
339.55
345.59
343.27
342.78
336.08
345.41
342.49
343.02
339.25
341.21
344.33
344.35
341.62
337.38
341.41
342.43
339.05
342.25
338.96
345.78
345.68
345.90
337.70
338.80
342.15
342.35
336.65
341.40
339.29
344.31
345.76
341.15
344.43
344.27
342.74
338.94
342.54
340.00
344.02
344.09
339.40
338.18
344.40
339.84
338.91
344.50
345.15
345.12
341.90
343.58
345.22
343.56
338.36
337.36
345.15
345.71
340.58
345.11
338.63
345.38
339.13
343.79
341.07
336.05
339.07
341.99
340.09
338.19
338.39
345.98
337.56
343.66
336.02
341.30
337.90
337.85
341.52
338.27
342.16
345.68
343.70
344.95
342.92
342.38
340.22
345.96
339.28
344.90
345.56
340.45
336.96
344.94
339.35
337.97
343.01
339.59
342.40
345.35
339.89
340.42
342.50
343.21
338.61
337.04
337.31
345.53
345.57
345.97
336.35
340.65
342.84
340.89
339.44
337.19
336.51
345.10
343.72
343.26
342.91
342.15
336.39
342.55
337.23
345.64
345.44
345.54
344.32
344.02
345.48
339.40
336.43
341.44
340.92
344.97
337.34
340.46
343.67
344.28
337.88
337.75
337.50
337.06
342.28
338.47
336.31
339.55
340.11
340.47
338.50
344.28
343.57
344.16
344.55
344.04
344.73
339.00
340.10
338.61
342.46
342.54
341.60
337.62
343.66
342.97
336.89
337.98
338.60
341.10
337.67
339.40
344.96
342.68
336.26
336.32
340.27
337.09
343.68
339.74
337.52
343.22
341.39
337.45
343.45
338.58
343.71
345.98
344.45
342.47
343.20
342.75
339.55
339.27
336.24
341.94
345.24
342.72
340.84
342.42
341.95
337.07
344.08
341.16
336.62
336.16
341.10
340.70
341.28
336.33
343.11
343.90
342.23
344.00
336.43
344.68
339.45
343.98
339.72
337.87
341.05
339.43
341.82
336.93
342.39
339.29
337.03
342.71
344.51
344.30
340.39
341.88
341.62
337.42
339.84
338.29
342.37
339.56
337.68
345.91
344.47
336.74
338.35
336.61
337.43
339.39
344.80
341.26
343.15
339.89
340.64
337.64
338.89
339.21
340.21
343.59
342.50
338.58
343.83
338.74
344.48
337.27
340.33
343.40
336.53
342.13
344.09
337.93
341.42
340.16
338.86
341.11
343.67
339.78
345.34
340.89
345.99
341.93
344.92
345.96
340.81
336.77
336.69
341.68
341.99
337.06
339.81
338.60
336.06
344.10
338.66
337.25
337.88
337.12
342.65
337.45
340.31
342.14
338.17
345.68
342.64
341.20
344.67
338.88
337.43
337.87
342.19
338.18
340.45
340.08
342.37
340.98
343.39
336.00
340.29
344.78
344.10
344.20
339.26
341.25
343.95
343.73
345.74
343.91
337.10
345.29
336.53
337.96
341.23
339.31
345.57
345.58
344.61
341.84
342.34
345.23
338.97
344.36
339.23
338.37
343.07
338.24
339.91
341.94
336.54
339.93
336.04
340.21
338.62
337.75
344.37
344.30
341.73
336.27
341.47
342.85
344.23
339.15
338.34
342.27
342.30
336.43
342.01
340.09
345.59
337.19
336.27
339.64
336.18
343.52
338.93
339.80
345.78
336.75
337.50
337.92
340.57
341.81
340.76
339.65
338.67
340.78
338.15
343.92
339.66
341.48
344.44
336.59
341.04
342.00
341.63
341.17
341.18
337.24
345.36
340.11
343.52
338.29
338.07
345.00
341.67
340.58
345.99
339.23
340.19
341.88
342.30
341.42
340.51
345.85
343.40
343.22
337.02
342.32
340.78
339.73
342.66
340.06
345.44
336.13
339.00
343.10
337.14
338.89
340.24
336.43
345.72
345.00
336.04
342.12
336.51
337.65
342.73
341.71
337.29
341.86
337.61
345.86
338.63
338.39
336.07
337.21
345.15
339.49
336.16
337.30
339.66
344.78
340.38
343.63
337.43
340.88
339.26
337.62
342.80
343.09
336.51
339.60
345.33
342.52
340.47
341.60
337.59
337.35
341.31
343.98
341.88
341.33
339.03
336.83
338.01
338.21
341.63
341.95
339.36
345.45
338.26
336.62
339.35
345.56
337.12
344.75
345.55
338.72
342.64
336.68
343.71
344.86
341.75
343.30
338.65
338.90
343.82
345.58
344.45
337.32
344.08
345.46
341.01
339.72
345.14
338.88
339.16
343.71
336.27
337.10
341.58
336.54
345.16
337.09
341.60
342.01
341.88
336.94
337.17
345.92
339.69
337.35
342.19
338.76
342.37
345.02
342.32
338.80
342.78
338.86
337.45
344.21
342.38
345.09
338.11
337.54
336.31
342.04
337.97
341.13
343.77
340.62
339.54
336.64
338.41
341.48
345.35
337.48
338.36
344.62
341.79
337.23
340.61
342.62
337.73
342.75
339.48
343.18
345.17
345.31
343.75
